213,98,1,2,7.29
80,231,1,2,-9.92
122,189,1,2,-4.62
64,247,1,2,-11.07
138,173,1,2,-2.79
221,90,1,2,8.19
213,98,1,2,7.36
130,181,1,2,-3.37
80,231,1,2,-9.92
122,189,1,2,-4.62
64,247,1,2,-11.07
138,173,1,2,-2.79
221,90,1,2,8.19
213,98,1,2,7.36
130,181,1,2,-3.37
80,231,1,2,-9.92
122,189,1,2,-4.62
196,115,1,2,5.82
213,98,1,2,7.29
147,164,1,2,-1.37
130,181,1,2,-4.00
188,123,1,2,4.69
213,98,1,2,7.90
147,164,1,2,-1.39
114,197,1,2,-5.95
180,131,1,2,3.25
221,90,1,2,8.76
155,156,1,2,-0.66
97,214,1,2,-7.73
163,148,1,2,1.27
230,81,1,2,9.60
155,156,1,2,0.94
80,231,1,2,-9.05
147,164,1,2,-1.36
230,81,1,2,10.00
180,131,1,2,3.39
80,231,1,2,-9.50
122,189,1,2,-4.60
230,81,1,2,9.41
205,106,1,2,6.44
89,222,1,2,-8.54
89,222,1,2,-8.05
213,98,1,2,7.29
230,81,1,2,9.44
114,197,1,2,-5.78
72,239,1,2,-10.87
180,131,1,2,3.39
246,65,1,2,11.31
147,164,1,2,-1.27
64,247,1,2,-11.85
147,164,1,2,-1.87
238,73,1,2,10.77
188,123,1,2,4.07
80,231,1,2,-9.86
97,214,1,2,-7.07
205,106,1,2,6.98
221,90,1,2,8.31
122,189,1,2,-4.62
80,231,1,2,-9.92
155,156,1,2,0.47
230,81,1,2,9.03
172,139,1,2,2.37
89,222,1,2,-8.27
105,206,1,2,-6.26
188,123,1,2,4.79
213,98,1,2,7.70
147,164,1,2,-1.87
80,231,1,2,-9.29
130,181,1,2,-3.07
213,98,1,2,7.57
205,106,1,2,6.13
114,197,1,2,-5.75
80,231,1,2,-9.79
155,156,1,2,0.90
238,73,1,2,10.00
172,139,1,2,2.87
80,231,1,2,-9.75
97,214,1,2,-7.98
196,115,1,2,5.62
230,81,1,2,9.85
147,164,1,2,-1.76
64,247,1,2,-11.15
122,189,1,2,-4.26
213,98,1,2,7.96
213,98,1,2,7.41
122,189,1,2,-4.32
80,231,1,2,-10.00
138,173,1,2,-2.20
213,98,1,2,7.64
205,106,1,2,6.20
122,189,1,2,-4.26
80,231,1,2,-9.65
138,173,1,2,-2.58
213,98,1,2,7.74
213,98,1,2,7.07
122,189,1,2,-4.32
72,239,1,2,-10.83
138,173,1,2,-2.86
221,90,1,2,8.76
213,98,1,2,7.57
122,189,1,2,-4.85
64,247,1,2,-11.07
138,173,1,2,-2.79
221,90,1,2,8.19
213,98,1,2,7.36
130,181,1,2,-3.37
80,231,1,2,-9.92
122,189,1,2,-4.62
196,115,1,2,5.59
221,90,1,2,8.39
155,156,1,2,0.31
80,231,1,2,-9.13
89,222,1,2,-8.09
172,139,1,2,2.82
230,81,1,2,10.00
180,131,1,2,3.85
97,214,1,2,-7.99
72,239,1,2,-10.27
155,156,1,2,-0.31
230,81,1,2,9.01
205,106,1,2,6.58
130,181,1,2,-3.86
80,231,1,2,-9.92
114,197,1,2,-5.30
188,123,1,2,4.58
221,90,1,2,8.97
172,139,1,2,2.79
97,214,1,2,-7.57
72,239,1,2,-10.19
147,164,1,2,-1.37
221,90,1,2,8.76
221,90,1,2,8.08
138,173,1,2,-2.47
72,239,1,2,-10.36
97,214,1,2,-7.07
172,139,1,2,2.94
221,90,1,2,8.88
196,115,1,2,5.18
122,189,1,2,-4.26
72,239,1,2,-10.15
105,206,1,2,-6.14
188,123,1,2,4.26
230,81,1,2,10.00
188,123,1,2,4.38
105,206,1,2,-6.54
72,239,1,2,-10.76
122,189,1,2,-4.26
196,115,1,2,5.53
221,90,1,2,8.97
180,131,1,2,3.50
114,197,1,2,-5.62
72,239,1,2,-10.21
114,197,1,2,-5.60
188,123,1,2,4.45
238,73,1,2,10.00
188,123,1,2,5.00
114,197,1,2,-5.46
72,239,1,2,-10.69
105,206,1,2,-6.13
180,131,1,2,3.10
221,90,1,2,8.75
205,106,1,2,6.48
147,164,1,2,-1.87
80,231,1,2,-9.52
80,231,1,2,-9.31
155,156,1,2,-0.72
221,90,1,2,8.27
230,81,1,2,9.00
163,148,1,2,1.26
97,214,1,2,-7.40
80,231,1,2,-9.92
114,197,1,2,-5.02
180,131,1,2,3.48
230,81,1,2,9.21
213,98,1,2,7.07
147,164,1,2,-1.88
80,231,1,2,-9.87
80,231,1,2,-9.64
147,164,1,2,-1.87
205,106,1,2,6.36
221,90,1,2,8.97
188,123,1,2,4.74
130,181,1,2,-3.39
80,231,1,2,-9.88
80,231,1,2,-9.31
147,164,1,2,-1.42
213,98,1,2,7.29
230,81,1,2,9.51
188,123,1,2,4.16
130,181,1,2,-3.97
80,231,1,2,-9.41
80,231,1,2,-9.02
138,173,1,2,-2.64
196,115,1,2,5.90
238,73,1,2,10.00
205,106,1,2,6.09
138,173,1,2,-2.48
89,222,1,2,-9.00
80,231,3,3,-9.60
122,189,4,3,-4.72
172,139,7,20,2.90
221,90,16,23,8.90
221,90,73,91,8.76
163,148,148,147,1.90
105,206,206,188,-6.55
72,239,235,206,-10.41
97,214,249,217,-7.90
147,164,278,242,-1.43
196,115,333,267,5.55
230,81,405,317,9.47
213,98,492,375,7.29
155,156,579,443,-0.31
89,222,682,519,-8.02
72,239,717,535,-10.50
97,214,754,569,-7.07
155,156,806,604,-0.52
205,106,902,666,6.02
230,81,1030,767,9.51
213,98,1183,859,7.29
155,156,1302,1015,-0.03
97,214,1419,1092,-7.55
72,239,1485,1171,-10.43
97,214,1514,1194,-7.90
138,173,1553,1239,-2.12
188,123,1624,1284,4.55
230,81,1675,1337,9.26
221,90,1839,1451,8.76
172,139,1952,1563,2.71
122,189,2069,1650,-4.90
80,231,2159,1738,-9.48
80,231,2184,1767,-9.60
114,197,2217,1808,-5.94
155,156,2238,1834,0.48
213,98,2287,1870,7.17
230,81,2393,1951,10.00
213,98,2516,2062,7.03
155,156,2614,2185,0.64
114,197,2738,2255,-5.48
80,231,2798,2309,-9.41
72,239,2845,2338,-10.02
105,206,2871,2381,-6.16
155,156,2894,2404,1.00
213,98,2939,2453,7.29
230,81,3088,2518,9.35
213,98,3213,2640,7.31
172,139,3389,2738,2.73
130,181,3467,2838,-3.39
80,231,3565,2902,-9.07
72,239,3618,2956,-10.97
97,214,3648,2983,-7.77
147,164,3708,3055,-1.87
180,131,3773,3105,3.73
213,98,3885,3193,7.87
230,81,4011,3291,9.54
213,98,4151,3395,7.07
155,156,4296,3517,0.91
114,197,4437,3633,-5.48
80,231,4498,3685,-9.16
80,231,4547,3724,-9.92
89,222,4594,3749,-8.10
130,181,4642,3791,-3.26
180,131,4698,3831,3.35
221,90,4814,3915,8.27
230,81,4934,4068,9.29
213,98,5126,4162,7.31
180,131,5237,4311,3.55
147,164,5365,4398,-1.87
97,214,5470,4475,-7.67
72,239,5516,4543,-10.75
80,231,5551,4574,-9.69
105,206,5578,4638,-6.13
147,164,5658,4685,-1.71
180,131,5706,4721,3.46
221,90,5798,4767,8.26
238,73,5928,4858,10.00
213,98,6119,5039,7.77
180,131,6219,5168,3.60
155,156,6382,5251,-0.84
114,197,6490,5381,-5.62
80,231,6545,5440,-9.83
72,239,6623,5496,-10.97
89,222,6647,5523,-8.41
122,189,6721,5590,-4.26
155,156,6752,5627,-0.04
188,123,6812,5674,4.54
221,90,6898,5788,8.71
230,81,7047,5879,10.00
213,98,7176,6042,7.79
188,123,7351,6173,4.14
155,156,7442,6245,0.32
122,189,7528,6375,-4.26
89,222,7628,6442,-8.84
72,239,7676,6498,-10.88
80,231,7723,6522,-9.67
97,214,7763,6560,-7.07
130,181,7824,6597,-3.99
155,156,7874,6656,0.47
196,115,7952,6720,5.61
221,90,8105,6775,8.76
230,81,8205,6909,9.08
221,90,8392,7018,8.19
205,106,8543,7182,6.52
172,139,8653,7278,2.79
138,173,8804,7391,-2.48
105,206,8879,7492,-6.58
89,222,8943,7548,-8.59
80,231,9018,7617,-9.92
72,239,9075,7658,-10.52
89,222,9132,7710,-8.58
122,189,9175,7739,-4.33
155,156,9233,7785,-0.31
172,139,9307,7832,2.67
196,115,9447,7915,5.99
230,81,9501,7943,9.21
230,81,9680,8047,10.00
221,90,9807,8136,8.22
205,106,10003,8305,6.09
180,131,10126,8390,4.00
155,156,10221,8502,0.31
122,189,10336,8604,-4.43
97,214,10429,8658,-7.59
89,222,10492,8699,-8.79
80,231,10568,8762,-9.92
72,239,10622,8797,-10.82
80,231,10688,8832,-9.36
114,197,10730,8866,-5.82
138,173,10787,8902,-2.79
155,156,10848,8960,-0.53
172,139,10935,9040,2.85
205,106,10980,9085,6.82
221,90,11140,9194,8.76
221,90,11283,9320,8.67
221,90,11439,9445,8.83
230,81,11605,9543,9.06
213,98,11707,9678,7.07
180,131,11836,9802,3.33
155,156,11985,9889,0.58
147,164,12081,9966,-1.20
122,189,12153,10069,-4.26
97,214,12241,10125,-8.00
80,231,12298,10176,-9.64
80,231,12349,10238,-9.45
80,231,12412,10269,-10.00
72,239,12447,10328,-10.86
80,231,12474,10357,-9.41
105,206,12501,10382,-6.23
122,189,12538,10412,-4.26
130,181,12578,10446,-3.14
155,156,12632,10494,-0.24
180,131,12698,10533,3.70
196,115,12790,10609,5.62
205,106,12867,10678,6.01
213,98,12991,10747,7.75
238,73,13140,10936,10.10
230,81,13261,11021,10.00
221,90,13473,11132,8.17
213,98,13636,11300,7.79
221,90,13731,11390,8.16
205,106,13864,11477,6.13
172,139,14016,11588,2.62
163,148,14147,11715,1.07
155,156,14230,11803,0.68
147,164,14312,11868,-1.87
114,197,14429,11949,-5.57
105,206,14491,12010,-6.79
105,206,14558,12059,-6.48
89,222,14652,12131,-8.27
64,247,14695,12170,-11.06
64,247,14723,12194,-11.03
80,231,14753,12223,-9.33
80,231,14784,12255,-9.92
64,247,14818,12282,-11.60
72,239,14840,12305,-10.31
97,214,14863,12321,-7.37
97,214,14891,12335,-7.07
89,222,14923,12353,-8.10
105,206,14952,12375,-6.07
138,173,14992,12409,-2.44
147,164,15044,12452,-1.87
138,173,15100,12500,-2.91
155,156,15156,12540,-0.73
180,131,15220,12587,3.07
180,131,15314,12679,3.39
163,148,15406,12751,1.85
180,131,15485,12821,3.78
213,98,15577,12897,7.47
213,98,15719,13002,7.29
196,115,15848,13131,5.00
205,106,16026,13225,6.54
238,73,16143,13381,10.10
230,81,16257,13474,9.41
205,106,16439,13564,6.32
213,98,16604,13685,7.50
246,65,16754,13849,11.08
230,81,16955,14090,10.00
205,106,17151,14235,6.14
213,98,17352,14359,7.05
238,73,17533,14477,10.88
230,81,17727,14679,9.60
196,115,17887,14911,5.02
196,115,18039,15068,5.73
238,73,18246,15218,10.03
221,90,18498,15364,8.76
180,131,18669,15509,3.45
180,131,18761,15683,3.95
221,90,18886,15835,8.94
213,98,19103,15950,7.90
163,148,19353,16076,1.82
163,148,19452,16175,2.00
213,98,19536,16283,7.85
213,98,19673,16391,7.29
155,156,19865,16498,0.37
155,156,19996,16584,0.00
205,106,20067,16676,6.82
213,98,20191,16792,7.07
155,156,20347,16866,-0.74
147,164,20453,16922,-2.00
196,115,20524,17005,5.82
213,98,20630,17085,7.29
147,164,20781,17148,-1.37
130,181,20861,17215,-4.00
188,123,20939,17287,4.69
213,98,21080,17363,7.90
147,164,21216,17433,-1.39
114,197,21279,17483,-5.95
180,131,21344,17546,3.25
221,90,21452,17605,8.76
155,156,21542,17716,-0.66
97,214,21637,17802,-7.73
163,148,21702,17839,1.27
230,81,21791,17934,9.60
155,156,21973,18005,0.94
80,231,22057,18060,-9.05
147,164,22091,18096,-1.36
230,81,22219,18163,10.00
180,131,22330,18260,3.39
80,231,22431,18349,-9.50
122,189,22481,18373,-4.60
230,81,22543,18459,9.41
205,106,22696,18548,6.44
89,222,22816,18669,-8.54
89,222,22849,18704,-8.05
213,98,22902,18740,7.29
230,81,23016,18860,9.44
114,197,23150,18927,-5.78
72,239,23234,18983,-10.87
180,131,23258,19014,3.39
246,65,23378,19087,11.31
147,164,23537,19199,-1.27
64,247,23611,19257,-11.85
147,164,23648,19279,-1.87
238,73,23734,19361,10.77
188,123,23857,19453,4.07
80,231,24011,19561,-9.86
97,214,24040,19587,-7.07
205,106,24108,19621,6.98
221,90,24199,19773,8.31
122,189,24317,19832,-4.62
80,231,24400,19898,-9.92
155,156,24429,19940,0.47
230,81,24562,20000,9.03
172,139,24678,20139,2.37
89,222,24774,20212,-8.27
105,206,24826,20262,-6.26
188,123,24884,20311,4.79
213,98,25048,20434,7.70
147,164,25149,20554,-1.87
80,231,25227,20604,-9.29
130,181,25278,20648,-3.07
213,98,25356,20724,7.57
205,106,25539,20855,6.13
114,197,25628,20935,-5.75
80,231,25686,20973,-9.79
155,156,25744,21028,0.90
230,81,25836,21101,10.00
172,139,26031,21252,2.87
80,231,26110,21310,-9.75
97,214,26151,21352,-7.98
196,115,26208,21410,5.62
230,81,26317,21482,9.85
147,164,26467,21615,-1.76
64,247,26529,21675,-11.15
122,189,26571,21708,-4.26
213,98,26652,21762,7.96
213,98,26826,21867,7.41
122,189,26927,21945,-4.32
80,231,26993,21978,-10.00
138,173,27043,22017,-2.20
213,98,27091,22063,7.64
205,106,27226,22199,6.20
122,189,27314,22263,-4.26
80,231,27406,22333,-9.65
138,173,27443,22369,-2.58
213,98,27564,22434,7.74
213,98,27682,22532,7.07
122,189,27801,22622,-4.32
72,239,27871,22692,-10.83
138,173,27908,22714,-2.86
221,90,28019,22803,8.76
213,98,28115,22902,7.57
122,189,28279,23009,-4.85
64,247,28340,23067,-11.07
138,173,28375,23088,-2.79
221,90,28464,23177,8.19
213,98,28612,23264,7.36
130,181,28749,23413,-3.37
80,231,28820,23463,-9.92
122,189,28880,23504,-4.62
196,115,28923,23575,5.59
221,90,29009,23660,8.39
155,156,29113,23747,0.31
80,231,29193,23778,-9.13
89,222,29230,23820,-8.09
172,139,29285,23857,2.82
238,73,29371,23925,10.00
180,131,29502,24031,3.85
97,214,29603,24095,-7.99
72,239,29640,24120,-10.27
155,156,29688,24166,-0.31
230,81,29739,24250,9.01
205,106,29862,24372,6.58
130,181,30037,24492,-3.86
80,231,30098,24556,-9.92
114,197,30130,24595,-5.30
188,123,30238,24679,4.58
221,90,30334,24753,8.97
172,139,30478,24886,2.79
97,214,30601,24960,-7.57
72,239,30652,24994,-10.19
147,164,30694,25032,-1.37
221,90,30751,25067,8.76
221,90,30900,25168,8.08
138,173,31017,25263,-2.47
72,239,31119,25307,-10.36
97,214,31142,25330,-7.07
172,139,31213,25368,2.94
221,90,31288,25419,8.88
196,115,31358,25505,5.18
122,189,31516,25566,-4.26
72,239,31584,25633,-10.15
105,206,31608,25657,-6.14
188,123,31632,25693,4.26
230,81,31680,25710,10.00
188,123,31752,25744,4.38
105,206,31808,25833,-6.54
72,239,31850,25868,-10.76
122,189,31875,25892,-4.26
196,115,31932,25933,5.53
221,90,31988,25992,8.97
180,131,32110,26089,3.50
114,197,32196,26165,-5.62
72,239,32229,26222,-10.21
114,197,32269,26243,-5.60
188,123,32324,26282,4.45
238,73,32421,26357,10.00
188,123,32602,26473,5.00
114,197,32715,26546,-5.46
72,239,32776,26628,-10.69
105,206,32818,26654,-6.13
180,131,32874,26711,3.10
221,90,32955,26769,8.75
205,106,33113,26915,6.48
147,164,33215,26997,-1.87
80,231,33334,27087,-9.52
80,231,33363,27125,-9.31
155,156,33427,27148,-0.72
221,90,33512,27239,8.27
230,81,33669,27306,9.00
163,148,33793,27466,1.26
97,214,33878,27528,-7.40
80,231,33950,27567,-9.92
114,197,33979,27613,-5.02
180,131,34061,27656,3.48
230,81,34156,27782,9.21
213,98,34299,27880,7.07
147,164,34422,27976,-1.88
80,231,34471,28071,-9.87
80,231,34516,28111,-9.64
147,164,34543,28137,-1.87
205,106,34607,28227,6.36
221,90,34727,28298,8.97
188,123,34833,28437,4.74
130,181,34959,28509,-3.39
80,231,35036,28562,-9.88
80,231,35067,28599,-9.31
147,164,35109,28643,-1.42
213,98,35183,28711,7.29
230,81,35299,28837,9.51
188,123,35471,28917,4.16
130,181,35561,28999,-3.97
80,231,35637,29077,-9.41
80,231,35689,29104,-9.02
138,173,35724,29143,-2.64
196,115,35838,29244,5.90
238,73,35916,29319,10.00
205,106,36039,29437,6.09
138,173,36185,29511,-2.48
89,222,36239,29551,-9.00
80,231,36277,29613,-9.60
122,189,36335,29633,-4.72
172,139,36407,29698,2.90
221,90,36487,29785,8.90
221,90,36586,29862,8.76
163,148,36687,29989,1.90
105,206,36791,30054,-6.55
72,239,36841,30101,-10.41
97,214,36874,30142,-7.90
147,164,36938,30182,-1.43
196,115,37010,30288,5.55
230,81,37141,30355,9.47
213,98,37258,30443,7.29
155,156,37344,30592,-0.31
89,222,37443,30649,-8.02
72,239,37505,30688,-10.50
97,214,37533,30720,-7.07
155,156,37612,30757,-0.52
205,106,37678,30848,6.02
230,81,37795,30934,9.51
213,98,37946,31044,7.29
155,156,38033,31124,-0.03
97,214,38117,31177,-7.55
72,239,38170,31209,-10.43
97,214,38191,31248,-7.90
138,173,38259,31300,-2.12
188,123,38325,31396,4.55
230,81,38441,31474,9.26
221,90,38547,31603,8.76
172,139,38657,31690,2.71
122,189,38782,31744,-4.90
80,231,38843,31818,-9.48
80,231,38874,31847,-9.60
114,197,38917,31876,-5.94
155,156,38988,31949,0.48
213,98,39120,32022,7.17
230,81,39210,32152,10.00
213,98,39333,32238,7.03
155,156,39494,32331,0.64
114,197,39575,32411,-5.48
80,231,39625,32462,-9.41
72,239,39682,32497,-10.02
105,206,39712,32533,-6.16
155,156,39802,32585,1.00
213,98,39872,32680,7.29
230,81,39990,32758,9.35
213,98,40087,32899,7.31
172,139,40186,32980,2.73
130,181,40340,33056,-3.39
80,231,40401,33125,-9.07
72,239,40441,33153,-10.97
97,214,40483,33187,-7.77
147,164,40546,33238,-1.87
180,131,40641,33309,3.73
213,98,40752,33392,7.87
230,81,40890,33477,9.54
213,98,40996,33622,7.07
155,156,41153,33702,0.91
114,197,41257,33773,-5.48
80,231,41306,33837,-9.16
80,231,41351,33865,-9.92
89,222,41388,33897,-8.10
130,181,41434,33947,-3.26
180,131,41521,34021,3.35
221,90,41617,34135,8.27
230,81,41733,34207,9.29
213,98,41850,34358,7.31
180,131,42024,34429,3.55
147,164,42132,34481,-1.87
97,214,42204,34577,-7.67
72,239,42252,34636,-10.75
80,231,42297,34658,-9.69
105,206,42329,34704,-6.13
147,164,42402,34753,-1.71
180,131,42476,34834,3.46
221,90,42591,34918,8.26
230,81,42705,35030,10.00
213,98,42890,35117,7.77
180,131,43001,35175,3.60
155,156,43072,35251,-0.84
114,197,43186,35327,-5.62
80,231,43242,35383,-9.83
72,239,43275,35397,-10.97
89,222,43325,35433,-8.41
122,189,43371,35480,-4.26
155,156,43457,35554,-0.04
188,123,43553,35614,4.54
221,90,43705,35739,8.71
230,81,43796,35817,10.00
213,98,43938,35921,7.79
188,123,44085,36017,4.14
155,156,44175,36085,0.32
122,189,44262,36128,-4.26
89,222,44344,36184,-8.84
72,239,44386,36223,-10.88
80,231,44411,36242,-9.67
97,214,44458,36278,-7.07
130,181,44499,36326,-3.99
155,156,44563,36396,0.47
196,115,44631,36452,5.61
221,90,44749,36572,8.76
230,81,44848,36669,9.08
221,90,45017,36745,8.19
205,106,45133,36890,6.52
172,139,45251,36994,2.79
138,173,45384,37062,-2.48
105,206,45469,37129,-6.58
89,222,45514,37198,-8.59
80,231,45559,37240,-9.92
72,239,45604,37273,-10.52
89,222,45635,37327,-8.58
122,189,45687,37364,-4.33
155,156,45714,37407,-0.31
172,139,45797,37469,2.67
196,115,45923,37575,5.99
230,81,46024,37657,9.21
238,73,46179,37801,10.00
221,90,46348,37881,8.22
205,106,46461,37962,6.09
180,131,46577,38092,4.00
155,156,46708,38204,0.31
122,189,46822,38310,-4.43
97,214,46893,38366,-7.59
89,222,46960,38405,-8.79
80,231,47019,38451,-9.92
72,239,47057,38482,-10.82
80,231,47107,38515,-9.36
114,197,47130,38535,-5.82
138,173,47158,38584,-2.79
155,156,47262,38628,-0.53
172,139,47340,38705,2.85
205,106,47450,38791,6.82
221,90,47559,38923,8.76
221,90,47716,38991,8.67
221,90,47854,39143,8.83
230,81,47970,39276,9.06
213,98,48161,39386,7.07
180,131,48338,39510,3.33
155,156,48454,39624,0.58
147,164,48531,39739,-1.20
122,189,48626,39813,-4.26
97,214,48714,39861,-8.00
80,231,48748,39906,-9.64
80,231,48786,39950,-9.45
80,231,48839,39979,-10.00
72,239,48870,40032,-10.86
80,231,48919,40047,-9.41
105,206,48964,40112,-6.23
122,189,49002,40144,-4.26
130,181,49053,40183,-3.14
155,156,49089,40245,-0.24
180,131,49137,40276,3.70
196,115,49247,40367,5.62
205,106,49353,40477,6.01
213,98,49500,40567,7.75
238,73,49592,40623,10.10
230,81,49705,40768,10.00
221,90,49883,40882,8.17
213,98,50078,40992,7.79
221,90,50219,41126,8.16
205,106,50376,41324,6.13
172,139,50549,41497,2.62
163,148,50701,41607,1.07
155,156,50833,41682,0.68
147,164,50885,41753,-1.87
114,197,50954,41848,-5.57
105,206,51018,41893,-6.79
105,206,51056,41942,-6.48
89,222,51102,41994,-8.27
64,247,51122,42034,-11.06
64,247,51156,42061,-11.03
80,231,51193,42084,-9.33
80,231,51228,42110,-9.92
64,247,51265,42137,-11.60
72,239,51275,42152,-10.31
97,214,51291,42161,-7.37
97,214,51323,42177,-7.07
89,222,51350,42209,-8.10
105,206,51380,42236,-6.07
138,173,51416,42264,-2.44
147,164,51462,42293,-1.87
138,173,51509,42326,-2.91
155,156,51560,42364,-0.73
180,131,51609,42408,3.07
180,131,51662,42465,3.39
163,148,51739,42554,1.85
180,131,51803,42600,3.78
213,98,51919,42689,7.47
213,98,52020,42760,7.29
196,115,52188,42902,5.00
205,106,52300,42983,6.54
238,73,52411,43069,10.10
230,81,52570,43226,9.41
205,106,52800,43418,6.32
213,98,52952,43536,7.50
246,65,53080,43647,11.08
230,81,53231,43821,10.00
205,106,53419,44028,6.14
213,98,53619,44203,7.05
238,73,53829,44392,10.88
230,81,54040,44556,9.60
196,115,54236,44704,5.02
196,115,54350,44787,5.73
238,73,54459,44919,10.03
221,90,54630,45134,8.76
180,131,54834,45322,3.45
180,131,54970,45406,3.95
221,90,55061,45478,8.94
213,98,55201,45600,7.90
163,148,55333,45759,1.82
163,148,55452,45858,2.00
213,98,55556,45953,7.85
213,98,55682,46082,7.29
155,156,55826,46208,0.37
155,156,55963,46326,-0.00
205,106,56075,46437,6.82
213,98,56198,46567,7.07
155,156,56329,46710,-0.74
147,164,56460,46777,-2.00
196,115,56571,46857,5.82
213,98,56677,46996,7.29
147,164,56768,47099,-1.37
130,181,56862,47152,-4.00
188,123,56950,47198,4.69
213,98,57046,47292,7.90
147,164,57147,47445,-1.39
114,197,57250,47508,-5.95
180,131,57321,47543,3.25
221,90,57410,47649,8.76
155,156,57549,47838,-0.66
97,214,57666,47920,-7.73
163,148,57709,47954,1.27
230,81,57787,48030,9.60
155,156,57975,48174,0.94
80,231,58047,48233,-9.05
147,164,58073,48252,-1.36
238,73,58157,48324,10.00
180,131,58315,48457,3.39
80,231,58408,48543,-9.50
122,189,58437,48570,-4.60
230,81,58520,48632,9.41
205,106,58643,48796,6.44
89,222,58793,48915,-8.54
89,222,58850,48943,-8.05
213,98,58889,48989,7.29
230,81,59025,49107,9.44
114,197,59198,49197,-5.78
72,239,59244,49249,-10.87
180,131,59280,49285,3.39
246,65,59425,49360,11.31
147,164,59537,49448,-1.27
64,247,59641,49526,-11.85
147,164,59667,49545,-1.87
238,73,59731,49619,10.77
188,123,59845,49714,4.07
80,231,59969,49819,-9.86
97,214,60001,49855,-7.07
205,106,60053,49896,6.98
221,90,60212,50001,8.31
122,189,60289,50146,-4.62
80,231,60346,50204,-9.92
155,156,60403,50241,0.47
230,81,60472,50335,9.03
172,139,60619,50417,2.37
89,222,60733,50476,-8.27
105,206,60772,50521,-6.26
188,123,60833,50547,4.79
213,98,60985,50631,7.70
147,164,61090,50764,-1.87
80,231,61181,50819,-9.29
130,181,61219,50851,-3.07
213,98,61288,50924,7.57
205,106,61488,50987,6.13
114,197,61608,51087,-5.75
80,231,61662,51157,-9.79
155,156,61726,51189,0.90
230,81,61812,51273,10.00
172,139,61935,51434,2.87
80,231,62110,51512,-9.75
97,214,62143,51556,-7.98
196,115,62212,51605,5.62
230,81,62334,51730,9.85
147,164,62472,51864,-1.76
64,247,62578,51935,-11.15
122,189,62604,51971,-4.26
213,98,62696,52034,7.96
213,98,62849,52126,7.41
122,189,62967,52263,-4.32
80,231,63065,52312,-10.00
138,173,63101,52357,-2.20
213,98,63179,52439,7.64
205,106,63355,52539,6.20
122,189,63475,52669,-4.26
80,231,63567,52716,-9.65
138,173,63621,52749,-2.58
213,98,63710,52839,7.74
213,98,63891,52938,7.07
122,189,64016,53073,-4.32
72,239,64078,53143,-10.83
138,173,64137,53166,-2.86
221,90,64226,53261,8.76
213,98,64393,53352,7.57
122,189,64579,53473,-4.85
64,247,64641,53545,-11.07
138,173,64676,53557,-2.79
221,90,64791,53655,8.19
213,98,64950,53780,7.36
130,181,65142,53865,-3.37
80,231,65211,53947,-9.92
122,189,65248,53996,-4.62
196,115,65362,54043,5.59
221,90,65456,54168,8.39
155,156,65601,54275,0.31
80,231,65721,54334,-9.13
89,222,65754,54390,-8.09
172,139,65832,54424,2.82
230,81,65926,54515,10.00
180,131,66056,54629,3.85
97,214,66202,54709,-7.99
72,239,66244,54757,-10.27
155,156,66281,54787,-0.31
230,81,66391,54854,9.01
205,106,66514,55001,6.58
130,181,66657,55099,-3.86
80,231,66751,55152,-9.92
114,197,66782,55189,-5.30
188,123,66835,55235,4.58
221,90,66987,55315,8.97
172,139,67109,55429,2.79
97,214,67227,55537,-7.57
72,239,67293,55579,-10.19
147,164,67322,55604,-1.37
221,90,67397,55698,8.76
221,90,67569,55782,8.08
138,173,67712,55899,-2.47
72,239,67781,56012,-10.36
97,214,67829,56042,-7.07
172,139,67895,56086,2.94
221,90,68000,56213,8.88
196,115,68171,56298,5.18
122,189,68297,56411,-4.26
72,239,68362,56497,-10.15
105,206,68391,56529,-6.14
188,123,68460,56566,4.26
230,81,68564,56702,10.00
188,123,68743,56794,4.38
105,206,68899,56892,-6.54
72,239,68958,56965,-10.76
122,189,69000,56987,-4.26
196,115,69081,57051,5.53
221,90,69177,57174,8.97
180,131,69364,57288,3.50
114,197,69509,57393,-5.62
72,239,69566,57463,-10.21
114,197,69598,57484,-5.60
188,123,69682,57556,4.45
238,73,69760,57657,10.00
188,123,69968,57775,5.00
114,197,70098,57910,-5.46
72,239,70151,57957,-10.69
105,206,70196,57981,-6.13
180,131,70269,58046,3.10
221,90,70367,58136,8.75
205,106,70570,58285,6.48
147,164,70690,58410,-1.87
80,231,70753,58473,-9.52
80,231,70807,58515,-9.31
155,156,70842,58558,-0.72
221,90,70934,58628,8.27
230,81,71101,58806,9.00
163,148,71234,58920,1.26
97,214,71360,59017,-7.40
80,231,71440,59086,-9.92
114,197,71474,59118,-5.02
180,131,71534,59178,3.48
230,81,71672,59290,9.21
213,98,71798,59376,7.07
147,164,71972,59516,-1.88
80,231,72086,59615,-9.87
80,231,72124,59635,-9.64
147,164,72168,59676,-1.87
205,106,72277,59752,6.36
221,90,72397,59860,8.97
188,123,72577,60003,4.74
130,181,72721,60084,-3.39
80,231,72792,60164,-9.88
80,231,72841,60214,-9.31
147,164,72905,60248,-1.42
213,98,73012,60363,7.29
230,81,73208,60457,9.51
188,123,73342,60572,4.16
130,181,73465,60718,-3.97
80,231,73570,60780,-9.41
80,231,73619,60805,-9.02
138,173,73664,60869,-2.64
196,115,73790,60947,5.90
238,73,73892,61081,10.00
205,106,74080,61205,6.09
138,173,74222,61286,-2.48
89,222,74288,61373,-9.00
80,231,74355,61406,-9.60
122,189,74408,61458,-4.72
172,139,74493,61533,2.90
221,90,74637,61661,8.90
221,90,74757,61775,8.76
163,148,74959,61872,1.90
105,206,75070,61991,-6.55
72,239,75130,62044,-10.41
97,214,75174,62067,-7.90
147,164,75232,62141,-1.43
196,115,75355,62224,5.55
230,81,75473,62348,9.47
213,98,75630,62457,7.29
155,156,75849,62576,-0.31
89,222,75930,62667,-8.02
72,239,75977,62694,-10.50
97,214,76029,62726,-7.07
155,156,76089,62781,-0.52
205,106,76228,62867,6.02
230,81,76349,62995,9.51
213,98,76503,63072,7.29
155,156,76675,63217,-0.03
97,214,76761,63301,-7.55
72,239,76826,63343,-10.43
97,214,76855,63397,-7.90
138,173,76901,63431,-2.12
188,123,76979,63477,4.55
230,81,77100,63534,9.26
221,90,77289,63701,8.76
172,139,77403,63804,2.71
122,189,77503,63935,-4.90
80,231,77559,63991,-9.48
80,231,77614,64022,-9.60
114,197,77653,64050,-5.94
155,156,77710,64085,0.48
213,98,77793,64126,7.17
230,81,77905,64202,10.00
213,98,78019,64271,7.03
155,156,78123,64348,0.64
114,197,78195,64430,-5.48
80,231,78247,64469,-9.41
72,239,78280,64502,-10.02
105,206,78315,64525,-6.16
155,156,78366,64556,1.00
213,98,78439,64640,7.29
230,81,78607,64736,9.35
213,98,78712,64829,7.31
172,139,78839,64987,2.73
130,181,78954,65061,-3.39
80,231,79054,65129,-9.07
72,239,79087,65181,-10.97
97,214,79134,65202,-7.77
147,164,79168,65244,-1.87
180,131,79242,65305,3.73
213,98,79372,65376,7.87
230,81,79496,65514,9.54
213,98,79717,65622,7.07
155,156,79861,65718,0.91
114,197,79951,65815,-5.48
80,231,80017,65852,-9.16
80,231,80069,65879,-9.92
89,222,80101,65936,-8.10
130,181,80154,65979,-3.26
180,131,80212,66052,3.35
221,90,80336,66132,8.27
230,81,80483,66283,9.29
213,98,80603,66365,7.31
180,131,80777,66487,3.55
147,164,80922,66603,-1.87
97,214,81007,66661,-7.67
72,239,81048,66686,-10.75
80,231,81103,66726,-9.69
105,206,81138,66754,-6.13
147,164,81210,66802,-1.71
180,131,81263,66846,3.46
221,90,81413,66963,8.26
230,81,81535,67066,10.00
213,98,81703,67222,7.77
180,131,81889,67341,3.60
155,156,81988,67413,-0.84
114,197,82067,67514,-5.62
80,231,82174,67570,-9.83
72,239,82215,67599,-10.97
89,222,82247,67639,-8.41
122,189,82324,67682,-4.26
155,156,82392,67753,-0.04
188,123,82483,67816,4.54
221,90,82610,67913,8.71
230,81,82759,68009,10.00
213,98,82892,68158,7.79
188,123,83103,68287,4.14
155,156,83271,68390,0.32
122,189,83370,68489,-4.26
89,222,83444,68551,-8.84
72,239,83510,68588,-10.88
80,231,83549,68635,-9.67
97,214,83621,68666,-7.07
130,181,83674,68691,-3.99
155,156,83750,68738,0.47
196,115,83828,68810,5.61
221,90,84007,68897,8.76
230,81,84130,69070,9.08
221,90,84306,69162,8.19
205,106,84471,69259,6.52
172,139,84589,69411,2.79
138,173,84703,69500,-2.48
105,206,84828,69556,-6.58
89,222,84891,69604,-8.59
80,231,84935,69650,-9.92
72,239,84997,69679,-10.52
89,222,85023,69702,-8.58
122,189,85052,69721,-4.33
155,156,85114,69753,-0.31
172,139,85188,69803,2.67
196,115,85228,69826,5.99
230,81,85403,69953,9.21
238,73,85539,70034,10.00
221,90,85709,70186,8.22
205,106,85911,70323,6.09
180,131,86059,70414,4.00
155,156,86167,70512,0.31
122,189,86296,70607,-4.43
97,214,86399,70675,-7.59
89,222,86442,70718,-8.79
80,231,86490,70774,-9.92
72,239,86535,70808,-10.82
80,231,86565,70840,-9.36
114,197,86625,70875,-5.82
138,173,86705,70924,-2.79
155,156,86781,70982,-0.53
172,139,86864,71038,2.85
205,106,86945,71068,6.82
221,90,87067,71157,8.76
221,90,87190,71240,8.67
221,90,87372,71370,8.83
230,81,87506,71468,9.06
213,98,87637,71553,7.07
180,131,87847,71713,3.33
155,156,88014,71844,0.58
147,164,88123,71952,-1.20
122,189,88201,72040,-4.26
97,214,88273,72077,-8.00
80,231,88345,72123,-9.64
80,231,88387,72160,-9.45
80,231,88449,72207,-10.00
72,239,88501,72239,-10.86
80,231,88520,72273,-9.41
105,206,88555,72317,-6.23
122,189,88604,72363,-4.26
130,181,88678,72411,-3.14
155,156,88754,72448,-0.24
180,131,88824,72498,3.70
196,115,88930,72525,5.62
205,106,89028,72624,6.01
213,98,89168,72717,7.75
238,73,89333,72853,10.10
230,81,89463,72940,10.00
221,90,89635,73042,8.17
213,98,89861,73202,7.79
221,90,90051,73394,8.16
205,106,90246,73561,6.13
172,139,90380,73674,2.62
163,148,90520,73787,1.07
155,156,90665,73898,0.68
147,164,90755,73971,-1.87
114,197,90836,74035,-5.57
105,206,90906,74086,-6.79
105,206,90990,74158,-6.48
89,222,91031,74199,-8.27
64,247,91096,74256,-11.06
64,247,91123,74279,-11.03
80,231,91139,74290,-9.33
80,231,91172,74314,-9.92
64,247,91222,74355,-11.60
72,239,91238,74371,-10.31
97,214,91262,74386,-7.37
97,214,91305,74415,-7.07
89,222,91340,74452,-8.10
105,206,91366,74480,-6.07
138,173,91408,74519,-2.44
147,164,91463,74575,-1.87
138,173,91532,74629,-2.91
155,156,91598,74676,-0.73
180,131,91664,74748,3.07
180,131,91774,74814,3.39
163,148,91850,74886,1.85
180,131,92013,74959,3.78
213,98,92134,75081,7.47
213,98,92303,75177,7.29
196,115,92479,75330,5.00
205,106,92588,75406,6.54
238,73,92769,75517,10.10
230,81,93028,75674,9.41
205,106,93297,75925,6.32
213,98,93451,76074,7.50
246,65,93616,76216,11.08
238,73,93909,76424,10.00
205,106,94194,76652,6.14
213,98,94407,76853,7.05
238,73,94641,77056,10.88
230,81,94838,77250,9.60
196,115,95007,77411,5.02
196,115,95164,77558,5.73
238,73,95336,77696,10.03
221,90,95612,77936,8.76
180,131,95865,78138,3.45
180,131,96038,78241,3.95
221,90,96159,78345,8.94
213,98,96311,78527,7.90
163,148,96460,78749,1.82
163,148,96610,78873,2.00
213,98,96775,78967,7.85
213,98,96955,79063,7.29
155,156,97105,79219,0.37
155,156,97201,79345,-0.00
205,106,97312,79453,6.82
213,98,97519,79551,7.07
155,156,97737,79698,-0.74
138,173,97825,79808,-2.00
196,115,97893,79897,5.82
213,98,98079,80013,7.29
147,164,98266,80108,-1.37
130,181,98344,80186,-4.00
188,123,98413,80275,4.69
213,98,98575,80364,7.90
147,164,98717,80445,-1.39
114,197,98792,80510,-5.95
180,131,98850,80574,3.25
221,90,99008,80661,8.76
155,156,99143,80732,-0.66
97,214,99219,80826,-7.73
163,148,99291,80865,1.27
230,81,99401,80934,9.60
155,156,99510,81016,0.94
80,231,99605,81116,-9.05
147,164,99662,81150,-1.36
230,81,99737,81211,10.00
180,131,99899,81336,3.39
80,231,100037,81419,-9.50
122,189,100069,81449,-4.60
230,81,100134,81511,9.41
205,106,100350,81651,6.44
89,222,100453,81722,-8.54
89,222,100483,81753,-8.05
213,98,100555,81806,7.29
230,81,100687,81894,9.44
114,197,100820,82015,-5.78
72,239,100894,82067,-10.87
180,131,100931,82094,3.39
246,65,101018,82151,11.31
147,164,101255,82314,-1.27
64,247,101348,82373,-11.85
147,164,101372,82387,-1.87
238,73,101515,82485,10.77
188,123,101676,82604,4.07
80,231,101769,82666,-9.86
97,214,101824,82697,-7.07
205,106,101900,82756,6.98
221,90,102019,82845,8.31
122,189,102218,82980,-4.62
80,231,102300,83048,-9.92
155,156,102337,83078,0.47
230,81,102474,83185,9.03
172,139,102650,83300,2.37
89,222,102734,83366,-8.27
105,206,102796,83416,-6.26
188,123,102864,83459,4.79
213,98,102964,83527,7.70
147,164,103158,83678,-1.87
80,231,103256,83734,-9.29
130,181,103290,83760,-3.07
213,98,103393,83836,7.57
205,106,103526,83919,6.13
114,197,103647,84015,-5.75
80,231,103746,84090,-9.79
155,156,103793,84126,0.90
230,81,103882,84202,10.00
172,139,104098,84362,2.87
80,231,104187,84430,-9.75
97,214,104231,84468,-7.98
196,115,104325,84518,5.62
230,81,104419,84597,9.85
147,164,104608,84741,-1.76
64,247,104717,84824,-11.15
122,189,104742,84843,-4.26
213,98,104831,84901,7.96
213,98,104968,84990,7.41
122,189,105068,85095,-4.32
80,231,105176,85178,-10.00
138,173,105212,85203,-2.20
213,98,105297,85263,7.64
205,106,105455,85398,6.20
122,189,105563,85458,-4.26
80,231,105630,85516,-9.65
138,173,105669,85551,-2.58
213,98,105743,85611,7.74
213,98,105947,85745,7.07
122,189,106060,85826,-4.32
72,239,106120,85890,-10.83
138,173,106164,85917,-2.86
221,90,106238,85992,8.76
213,98,106407,86144,7.57
122,189,106550,86228,-4.85
64,247,106621,86302,-11.07
138,173,106651,86331,-2.79
221,90,106755,86395,8.19
213,98,106887,86538,7.36
130,181,107068,86656,-3.37
80,231,107152,86706,-9.92
122,189,107190,86747,-4.62
196,115,107300,86820,5.59
221,90,107404,86894,8.39
155,156,107536,87054,0.31
80,231,107658,87141,-9.13
89,222,107708,87176,-8.09
172,139,107764,87227,2.82
230,81,107905,87301,10.00
180,131,108037,87400,3.85
97,214,108167,87526,-7.99
72,239,108233,87566,-10.27
155,156,108258,87591,-0.31
230,81,108378,87688,9.01
205,106,108507,87776,6.58
130,181,108599,87864,-3.86
80,231,108702,87954,-9.92
114,197,108738,87977,-5.30
188,123,108814,88047,4.58
221,90,108955,88137,8.97
172,139,109056,88215,2.79
97,214,109175,88293,-7.57
72,239,109234,88329,-10.19
147,164,109263,88354,-1.37
221,90,109380,88438,8.76
221,90,109502,88534,8.08
138,173,109666,88651,-2.47
72,239,109788,88743,-10.36
97,214,109816,88777,-7.07
172,139,109901,88821,2.94
221,90,109963,88907,8.88
196,115,110116,88988,5.18
122,189,110225,89133,-4.26
72,239,110292,89181,-10.15
105,206,110328,89195,-6.14
188,123,110372,89218,4.26
230,81,110455,89272,10.00
188,123,110610,89378,4.38
105,206,110740,89445,-6.54
72,239,110788,89480,-10.76
122,189,110810,89500,-4.26
196,115,110873,89533,5.53
221,90,110989,89604,8.97
180,131,111089,89700,3.50
114,197,111240,89796,-5.62
72,239,111345,89873,-10.21
114,197,111374,89896,-5.60
188,123,111438,89956,4.45
238,73,111580,90046,10.00
188,123,111710,90183,5.00
114,197,111869,90281,-5.46
72,239,111963,90332,-10.69
105,206,111984,90369,-6.13
180,131,112052,90414,3.10
221,90,112190,90523,8.75
205,106,112323,90611,6.48
147,164,112505,90711,-1.87
80,231,112624,90824,-9.52
80,231,112661,90855,-9.31
155,156,112719,90887,-0.72
221,90,112807,90974,8.27
230,81,112961,91040,9.00
163,148,113156,91194,1.26
97,214,113248,91277,-7.40
80,231,113301,91311,-9.92
114,197,113352,91356,-5.02
180,131,113402,91397,3.48
230,81,113509,91506,9.21
213,98,113704,91619,7.07
147,164,113828,91702,-1.88
80,231,113914,91802,-9.87
80,231,113968,91837,-9.64
147,164,114024,91881,-1.87
205,106,114134,91999,6.36
221,90,114284,92093,8.97
188,123,114404,92219,4.74
130,181,114566,92317,-3.39
80,231,114656,92365,-9.88
80,231,114695,92405,-9.31
147,164,114769,92441,-1.42
213,98,114864,92514,7.29
230,81,115053,92640,9.51
188,123,115207,92746,4.16
130,181,115316,92889,-3.97
80,231,115423,92955,-9.41
80,231,115477,92989,-9.02
138,173,115514,93047,-2.64
196,115,115628,93118,5.90
238,73,115738,93244,10.00
205,106,115955,93333,6.09
138,173,116130,93448,-2.48
89,222,116198,93534,-9.00
80,231,116252,93570,-9.60
122,189,116291,93594,-4.72
172,139,116375,93693,2.90
221,90,116514,93783,8.90
221,90,116611,93932,8.76
163,148,116819,94016,1.90
105,206,116911,94087,-6.55
72,239,116963,94141,-10.41
97,214,117008,94162,-7.90
147,164,117066,94220,-1.43
196,115,117210,94297,5.55
230,81,117324,94402,9.47
213,98,117518,94499,7.29
155,156,117685,94600,-0.31
89,222,117757,94714,-8.02
72,239,117818,94753,-10.50
97,214,117870,94787,-7.07
155,156,117939,94853,-0.52
205,106,118063,94927,6.02
230,81,118167,95088,9.51
213,98,118385,95185,7.29
155,156,118515,95309,-0.03
97,214,118579,95399,-7.55
72,239,118660,95450,-10.43
97,214,118701,95477,-7.90
138,173,118757,95531,-2.12
188,123,118859,95583,4.55
230,81,118980,95713,9.26
221,90,119176,95804,8.76
172,139,119325,95903,2.71
122,189,119407,96000,-4.90
80,231,119477,96042,-9.48
80,231,119518,96069,-9.60
114,197,119561,96114,-5.94
155,156,119668,96168,0.48
213,98,119759,96249,7.17
230,81,119923,96345,10.00
213,98,120084,96435,7.03
155,156,120212,96562,0.64
114,197,120301,96629,-5.48
80,231,120383,96672,-9.41
72,239,120418,96718,-10.02
105,206,120468,96750,-6.16
155,156,120526,96807,1.00
213,98,120645,96894,7.29
230,81,120802,96988,9.35
213,98,120928,97110,7.31
172,139,121115,97186,2.73
130,181,121208,97284,-3.39
80,231,121263,97352,-9.07
72,239,121315,97383,-10.97
97,214,121361,97419,-7.77
147,164,121421,97461,-1.87
180,131,121526,97530,3.73
213,98,121641,97624,7.87
230,81,121834,97722,9.54
213,98,121962,97849,7.07
155,156,122101,97926,0.91
114,197,122237,98000,-5.48
80,231,122301,98066,-9.16
80,231,122344,98094,-9.92
89,222,122413,98129,-8.10
130,181,122465,98185,-3.26
180,131,122589,98250,3.35
221,90,122693,98347,8.27
230,81,122898,98449,9.29
213,98,123044,98592,7.31
180,131,123183,98684,3.55
147,164,123352,98769,-1.87
97,214,123456,98861,-7.67
72,239,123495,98908,-10.75
80,231,123539,98928,-9.69
105,206,123577,98983,-6.13
147,164,123643,99035,-1.71
180,131,123741,99135,3.46
221,90,123850,99209,8.26
238,73,124050,99362,10.00
213,98,124201,99497,7.77
180,131,124370,99567,3.60
155,156,124496,99676,-0.84
114,197,124568,99775,-5.62
80,231,124631,99821,-9.83
72,239,124677,99844,-10.97
89,222,124709,99876,-8.41
122,189,124781,99903,-4.26
155,156,124859,99992,-0.04
188,123,124972,100076,4.54
221,90,125089,100177,8.71
230,81,125252,100292,10.00
213,98,125452,100383,7.79
188,123,125567,100504,4.14
155,156,125719,100612,0.32
122,189,125852,100668,-4.26
89,222,125936,100701,-8.84
72,239,125978,100751,-10.88
80,231,126018,100781,-9.67
97,214,126055,100817,-7.07
130,181,126100,100860,-3.99
155,156,126167,100926,0.47
196,115,126256,101007,5.61
221,90,126399,101107,8.76
230,81,126543,101227,9.08
221,90,126741,101303,8.19
205,106,126918,101425,6.52
172,139,127016,101572,2.79
138,173,127117,101666,-2.48
105,206,127233,101701,-6.58
89,222,127311,101746,-8.59
80,231,127351,101791,-9.92
72,239,127415,101827,-10.52
89,222,127450,101864,-8.58
122,189,127508,101903,-4.33
155,156,127571,101958,-0.31
172,139,127663,101988,2.67
196,115,127773,102070,5.99
230,81,127908,102152,9.21
238,73,128117,102323,10.00
221,90,128235,102403,8.22
205,106,128381,102468,6.09
180,131,128596,102628,4.00
155,156,128753,102763,0.31
122,189,128829,102834,-4.43
97,214,128915,102881,-7.59
89,222,129003,102949,-8.79
80,231,129046,102991,-9.92
72,239,129110,103024,-10.82
80,231,129161,103062,-9.36
114,197,129187,103076,-5.82
138,173,129230,103105,-2.79
155,156,129341,103189,-0.53
172,139,129420,103232,2.85
205,106,129566,103331,6.82
221,90,129692,103434,8.76
221,90,129866,103591,8.67
221,90,130021,103667,8.83
230,81,130138,103743,9.06
213,98,130304,103903,7.07
180,131,130548,104090,3.33
155,156,130744,104213,0.58
147,164,130850,104286,-1.20
122,189,130944,104370,-4.26
97,214,131006,104436,-8.00
80,231,131064,104478,-9.64
80,231,131098,104503,-9.45
80,231,131124,104540,-10.00
72,239,131178,104576,-10.86
80,231,131214,104599,-9.41
105,206,131248,104624,-6.23
122,189,131316,104654,-4.26
130,181,131388,104707,-3.14
155,156,131454,104791,-0.24
180,131,131555,104843,3.70
196,115,131665,104921,5.62
205,106,131871,105010,6.01
213,98,131975,105128,7.75
238,73,132102,105203,10.10
230,81,132347,105335,10.00
221,90,132607,105546,8.17
213,98,132812,105760,7.79
221,90,132973,105919,8.16
205,106,133152,106052,6.13
172,139,133323,106155,2.62
163,148,133471,106264,1.07
155,156,133646,106392,0.68
147,164,133802,106527,-1.87
114,197,133907,106613,-5.57
105,206,133965,106656,-6.79
105,206,134023,106709,-6.48
89,222,134104,106764,-8.27
64,247,134142,106796,-11.06
64,247,134173,106828,-11.03
80,231,134207,106848,-9.33
80,231,134246,106879,-9.92
64,247,134264,106902,-11.60
72,239,134289,106928,-10.31
97,214,134318,106955,-7.37
97,214,134370,106989,-7.07
89,222,134417,107027,-8.10
105,206,134451,107060,-6.07
138,173,134499,107096,-2.44
147,164,134578,107127,-1.87
138,173,134642,107177,-2.91
155,156,134691,107260,-0.73
180,131,134788,107278,3.07
180,131,134917,107371,3.39
163,148,135063,107450,1.85
180,131,135156,107532,3.78
213,98,135310,107599,7.47
213,98,135467,107720,7.29
196,115,135584,107791,5.00
205,106,135737,107890,6.54
238,73,135915,108017,10.10
230,81,136125,108210,9.41
205,106,136301,108372,6.32
213,98,136447,108493,7.50
246,65,136610,108639,11.08
238,73,136899,108861,10.00
205,106,137115,109053,6.14
213,98,137311,109205,7.05
238,73,137520,109339,10.88
230,81,137758,109523,9.60
196,115,137974,109642,5.02
196,115,138153,109740,5.73
238,73,138319,109835,10.03
221,90,138501,109947,8.76
180,131,138650,110073,3.45
180,131,138766,110181,3.95
221,90,138869,110308,8.94
213,98,139008,110459,7.90
163,148,139112,110596,1.82
163,148,139198,110695,2.00
213,98,139313,110782,7.85
213,98,139490,110884,7.29
155,156,139669,110981,0.37
155,156,139792,111030,0.00
205,106,139887,111085,6.82
213,98,140009,111244,7.07
155,156,140130,111405,-0.74
147,164,140241,111521,-2.00
196,115,140346,111585,5.82
213,98,140524,111680,7.29
147,164,140687,111825,-1.37
130,181,140790,111936,-4.00
188,123,140888,112004,4.69
213,98,141056,112089,7.90
147,164,141201,112173,-1.39
114,197,141302,112264,-5.95
180,131,141367,112325,3.25
221,90,141508,112406,8.76
155,156,141631,112478,-0.66
97,214,141704,112554,-7.73
163,148,141755,112595,1.27
230,81,141870,112662,9.60
155,156,141976,112714,0.94
80,231,142062,112778,-9.05
147,164,142086,112809,-1.36
238,73,142190,112884,10.00
180,131,142331,112979,3.39
80,231,142443,113065,-9.50
122,189,142489,113099,-4.60
230,81,142553,113139,9.41
205,106,142670,113231,6.44
89,222,142793,113355,-8.54
89,222,142828,113373,-8.05
213,98,142862,113398,7.29
230,81,143007,113474,9.44
114,197,143111,113607,-5.78
72,239,143171,113644,-10.87
180,131,143205,113683,3.39
246,65,143306,113729,11.31
147,164,143476,113838,-1.27
64,247,143549,113898,-11.85
147,164,143562,113916,-1.87
238,73,143669,113983,10.77
188,123,143825,114078,4.07
80,231,143916,114162,-9.86
97,214,143954,114191,-7.07
205,106,144014,114224,6.98
221,90,144117,114299,8.31
122,189,144309,114413,-4.62
80,231,144403,114469,-9.92
155,156,144445,114493,0.47
230,81,144603,114556,9.03
172,139,144751,114646,2.37
89,222,144859,114726,-8.27
105,206,144918,114761,-6.26
188,123,144963,114816,4.79
213,98,145103,114887,7.70
147,164,145236,114975,-1.87
80,231,145326,115070,-9.29
130,181,145378,115088,-3.07
213,98,145461,115124,7.57
205,106,145589,115249,6.13
114,197,145782,115317,-5.75
80,231,145849,115350,-9.79
155,156,145886,115385,0.90
230,81,146047,115447,10.00
172,139,146212,115567,2.87
80,231,146329,115648,-9.75
97,214,146398,115670,-7.98
196,115,146458,115723,5.62
230,81,146633,115817,9.85
147,164,146795,115901,-1.76
64,247,146878,115971,-11.15
122,189,146916,115989,-4.26
213,98,147001,116038,7.96
213,98,147154,116150,7.41
122,189,147379,116225,-4.32
80,231,147445,116273,-10.00
138,173,147482,116317,-2.20
213,98,147596,116372,7.64
205,106,147736,116509,6.20
122,189,147902,116594,-4.26
80,231,147981,116641,-9.65
138,173,148009,116681,-2.58
213,98,148129,116740,7.74
213,98,148240,116828,7.07
122,189,148423,116968,-4.32
72,239,148532,117018,-10.83
138,173,148567,117054,-2.86
221,90,148693,117135,8.76
213,98,148832,117225,7.57
122,189,149009,117394,-4.85
64,247,149100,117442,-11.07
138,173,149120,117460,-2.79
221,90,149242,117545,8.19
213,98,149378,117628,7.36
130,181,149515,117753,-3.37
80,231,149629,117807,-9.92
122,189,149668,117827,-4.62
196,115,149752,117888,5.59
221,90,149857,117960,8.39
155,156,149983,118061,0.31
80,231,150119,118162,-9.13
89,222,150159,118188,-8.09
172,139,150208,118235,2.82
230,81,150336,118320,10.00
180,131,150437,118406,3.85
97,214,150595,118529,-7.99
72,239,150655,118568,-10.27
155,156,150691,118602,-0.31
230,81,150761,118660,9.01
205,106,150935,118746,6.58
130,181,151058,118859,-3.86
80,231,151139,118904,-9.92
114,197,151189,118940,-5.30
188,123,151247,118998,4.58
221,90,151388,119087,8.97
172,139,151539,119238,2.79
97,214,151679,119299,-7.57
72,239,151737,119334,-10.19
147,164,151780,119377,-1.37
221,90,151886,119428,8.76
221,90,152025,119544,8.08
138,173,152232,119658,-2.47
72,239,152302,119704,-10.36
97,214,152328,119734,-7.07
172,139,152391,119771,2.94
221,90,152473,119828,8.88
196,115,152664,119953,5.18
122,189,152785,120045,-4.26
72,239,152849,120084,-10.15
105,206,152890,120111,-6.14
188,123,152945,120156,4.26
230,81,153115,120221,10.00
188,123,153246,120382,4.38
105,206,153360,120449,-6.54
72,239,153440,120479,-10.76
122,189,153474,120522,-4.26
196,115,153586,120559,5.53
221,90,153717,120637,8.97
180,131,153886,120763,3.50
114,197,154021,120824,-5.62
72,239,154074,120879,-10.21
114,197,154125,120906,-5.60
188,123,154200,120957,4.45
238,73,154362,121069,10.00
188,123,154542,121157,5.00
114,197,154653,121235,-5.46
72,239,154754,121317,-10.69
105,206,154801,121339,-6.13
180,131,154861,121387,3.10
221,90,155012,121483,8.75
205,106,155158,121566,6.48
147,164,155376,121714,-1.87
80,231,155476,121781,-9.52
80,231,155518,121809,-9.31
155,156,155590,121869,-0.72
221,90,155688,121922,8.27
230,81,155901,122041,9.00
163,148,156042,122170,1.26
97,214,156152,122223,-7.40
80,231,156228,122280,-9.92
114,197,156273,122303,-5.02
180,131,156371,122349,3.48
230,81,156494,122433,9.21
213,98,156680,122522,7.07
147,164,156843,122656,-1.88
80,231,156920,122726,-9.87
80,231,156975,122754,-9.64
147,164,157025,122795,-1.87
205,106,157147,122849,6.36
221,90,157287,122973,8.97
188,123,157430,123098,4.74
130,181,157586,123164,-3.39
80,231,157659,123248,-9.88
80,231,157706,123282,-9.31
147,164,157763,123322,-1.42
213,98,157861,123425,7.29
230,81,158074,123529,9.51
188,123,158228,123664,4.16
130,181,158346,123751,-3.97
80,231,158461,123789,-9.41
80,231,158496,123814,-9.02
138,173,158536,123859,-2.64
196,115,158634,123919,5.90
238,73,158774,124060,10.00
205,106,159010,124165,6.09
138,173,159145,124294,-2.48
89,222,159220,124374,-9.00
80,231,159298,124412,-9.60
122,189,159344,124452,-4.72
172,139,159433,124509,2.90
221,90,159571,124610,8.90
221,90,159710,124727,8.76
163,148,159907,124816,1.90
105,206,160005,124899,-6.55
72,239,160054,124949,-10.41
97,214,160093,124985,-7.90
147,164,160165,125042,-1.43
196,115,160292,125131,5.55
230,81,160431,125242,9.47
213,98,160652,125330,7.29
155,156,160778,125480,-0.31
89,222,160877,125546,-8.02
72,239,160947,125597,-10.50
97,214,160978,125632,-7.07
155,156,161067,125672,-0.52
205,106,161153,125782,6.02
230,81,161327,125865,9.51
213,98,161481,126009,7.29
155,156,161620,126124,-0.03
97,214,161756,126185,-7.55
72,239,161820,126245,-10.43
97,214,161849,126279,-7.90
138,173,161925,126320,-2.12
188,123,162010,126420,4.55
230,81,162203,126516,9.26
221,90,162349,126664,8.76
172,139,162505,126788,2.71
122,189,162644,126845,-4.90
80,231,162728,126900,-9.48
80,231,162763,126946,-9.60
114,197,162810,126979,-5.94
155,156,162867,127049,0.48
213,98,162989,127129,7.17
230,81,163120,127236,10.00
213,98,163248,127365,7.03
155,156,163430,127432,0.64
114,197,163530,127520,-5.48
80,231,163589,127579,-9.41
72,239,163646,127605,-10.02
105,206,163698,127641,-6.16
155,156,163764,127700,1.00
213,98,163880,127792,7.29
230,81,164005,127932,9.35
213,98,164235,128017,7.31
172,139,164384,128145,2.73
130,181,164475,128231,-3.39
80,231,164577,128274,-9.07
72,239,164629,128309,-10.97
97,214,164661,128343,-7.77
147,164,164754,128381,-1.87
180,131,164840,128499,3.73
213,98,164975,128578,7.87
230,81,165132,128725,9.54
213,98,165274,128826,7.07
155,156,165448,128897,0.91
114,197,165571,128984,-5.48
80,231,165644,129042,-9.16
80,231,165681,129073,-9.92
89,222,165734,129106,-8.10
130,181,165790,129169,-3.26
180,131,165862,129226,3.35
221,90,165982,129353,8.27
230,81,166105,129424,9.29
213,98,166329,129567,7.31
180,131,166474,129698,3.55
147,164,166572,129767,-1.87
97,214,166678,129842,-7.67
72,239,166755,129888,-10.75
80,231,166794,129908,-9.69
105,206,166844,129939,-6.13
147,164,166926,130006,-1.71
180,131,167026,130091,3.46
221,90,167168,130220,8.26
238,73,167287,130311,10.00
213,98,167473,130452,7.77
180,131,167670,130585,3.60
155,156,167802,130692,-0.84
114,197,167888,130758,-5.62
80,231,167960,130816,-9.83
72,239,168026,130858,-10.97
89,222,168058,130885,-8.41
122,189,168118,130946,-4.26
155,156,168199,131010,-0.04
188,123,168305,131094,4.54
221,90,168416,131197,8.71
230,81,168538,131320,10.00
213,98,168728,131434,7.79
188,123,168895,131513,4.14
155,156,169013,131626,0.32
122,189,169121,131722,-4.26
89,222,169225,131784,-8.84
72,239,169268,131812,-10.88
80,231,169305,131855,-9.67
97,214,169381,131897,-7.07
130,181,169435,131942,-3.99
155,156,169497,131986,0.47
196,115,169595,132077,5.61
221,90,169674,132147,8.76
230,81,169794,132288,9.08
221,90,169966,132402,8.19
205,106,170082,132497,6.52
172,139,170313,132667,2.79
138,173,170453,132862,-2.48
105,206,170521,132970,-6.58
89,222,170608,133022,-8.59
80,231,170652,133052,-9.92
72,239,170678,133069,-10.52
89,222,170700,133087,-8.58
122,189,170760,133091,-4.33
155,156,170790,133138,-0.31
172,139,170851,133215,2.67
196,115,170924,133298,5.99
230,81,171004,133385,9.21
230,81,171143,133499,10.00
221,90,171292,133653,8.22
205,106,171416,133778,6.09
180,131,171558,133877,4.00
155,156,171703,134001,0.31
122,189,171822,134081,-4.43
97,214,171872,134132,-7.59
89,222,171919,134206,-8.79
80,231,172002,134240,-9.92
72,239,172043,134274,-10.82
80,231,172065,134299,-9.36
114,197,172100,134325,-5.82
138,173,172156,134374,-2.79
155,156,172206,134436,-0.53
172,139,172330,134485,2.85
205,106,172407,134559,6.82
221,90,172581,134663,8.76
221,90,172728,134803,8.67
221,90,172868,134896,8.83
230,81,173057,135008,9.06
213,98,173243,135170,7.07
180,131,173384,135349,3.33
155,156,173506,135467,0.58
147,164,173634,135550,-1.20
122,189,173733,135625,-4.26
97,214,173799,135667,-8.00
80,231,173843,135694,-9.64
80,231,173889,135735,-9.45
80,231,173928,135767,-10.00
72,239,173967,135805,-10.86
80,231,174009,135836,-9.41
105,206,174043,135871,-6.23
122,189,174066,135890,-4.26
130,181,174159,135940,-3.14
155,156,174196,135996,-0.24
180,131,174274,136037,3.70
196,115,174366,136128,5.62
205,106,174493,136219,6.01
213,98,174640,136352,7.75
238,73,174797,136439,10.10
238,73,174905,136549,10.00
221,90,175137,136748,8.17
213,98,175388,136939,7.79
221,90,175603,137068,8.16
205,106,175781,137242,6.13
172,139,175931,137406,2.62
163,148,176068,137573,1.07
155,156,176232,137733,0.68
147,164,176389,137833,-1.87
114,197,176482,137901,-5.57
105,206,176542,137959,-6.79
105,206,176607,138019,-6.48
89,222,176693,138068,-8.27
64,247,176737,138120,-11.06
64,247,176790,138148,-11.03
80,231,176821,138173,-9.33
80,231,176842,138175,-9.92
64,247,176872,138187,-11.60
72,239,176913,138212,-10.31
97,214,176947,138233,-7.37
97,214,176988,138261,-7.07
89,222,177035,138283,-8.10
105,206,177080,138318,-6.07
138,173,177123,138352,-2.44
147,164,177205,138390,-1.87
138,173,177272,138451,-2.91
155,156,177365,138511,-0.73
180,131,177447,138579,3.07
180,131,177541,138647,3.39
163,148,177630,138738,1.85
180,131,177723,138906,3.78
213,98,177829,138990,7.47
213,98,178022,139122,7.29
196,115,178115,139232,5.00
205,106,178247,139284,6.54
238,73,178422,139405,10.10
230,81,178581,139593,9.41
205,106,178783,139772,6.32
213,98,178966,139908,7.50
246,65,179202,140058,11.08
230,81,179507,140268,10.00
205,106,179763,140503,6.14
213,98,179956,140680,7.05
238,73,180140,140846,10.88
230,81,180328,141024,9.60
196,115,180513,141193,5.02
196,115,180621,141293,5.73
238,73,180766,141465,10.03
221,90,180986,141674,8.76
180,131,181172,141864,3.45
180,131,181334,142010,3.95
221,90,181517,142121,8.94
213,98,181728,142254,7.90
163,148,181940,142408,1.82
163,148,182088,142524,2.00
213,98,182220,142690,7.85
213,98,182401,142887,7.29
155,156,182550,143038,0.37
155,156,182670,143133,0.00
205,106,182788,143220,6.82
213,98,182984,143378,7.07
155,156,183204,143557,-0.74
138,173,183330,143679,-2.00
196,115,183392,143732,5.82
213,98,183495,143821,7.29
147,164,183705,144010,-1.37
130,181,183815,144104,-4.00
188,123,183914,144173,4.69
213,98,184029,144257,7.90
147,164,184163,144403,-1.39
114,197,184295,144498,-5.95
180,131,184360,144534,3.25
221,90,184450,144605,8.76
155,156,184593,144787,-0.66
97,214,184718,144903,-7.73
163,148,184791,144950,1.27
230,81,184893,145016,9.60
155,156,185023,145195,0.94
80,231,185129,145293,-9.05
147,164,185183,145321,-1.36
238,73,185268,145380,10.00
180,131,185407,145552,3.39
80,231,185509,145647,-9.50
122,189,185553,145664,-4.60
230,81,185625,145734,9.41
205,106,185740,145885,6.44
89,222,185926,146005,-8.54
89,222,185975,146032,-8.05
213,98,186009,146078,7.29
230,81,186131,146189,9.44
114,197,186325,146276,-5.78
72,239,186380,146326,-10.87
180,131,186408,146360,3.39
246,65,186558,146434,11.31
147,164,186740,146563,-1.27
64,247,186817,146663,-11.85
147,164,186851,146687,-1.87
238,73,186951,146747,10.77
188,123,187093,146896,4.07
80,231,187225,146999,-9.86
97,214,187271,147022,-7.07
205,106,187320,147066,6.98
221,90,187467,147178,8.31
122,189,187651,147267,-4.62
80,231,187711,147315,-9.92
155,156,187751,147356,0.47
230,81,187867,147411,9.03
172,139,187990,147512,2.37
89,222,188095,147597,-8.27
105,206,188149,147634,-6.26
188,123,188216,147679,4.79
213,98,188379,147812,7.70
147,164,188518,147913,-1.87
80,231,188595,147982,-9.29
130,181,188650,148017,-3.07
213,98,188718,148067,7.57
205,106,188836,148165,6.13
114,197,189027,148291,-5.75
80,231,189090,148323,-9.79
155,156,189133,148354,0.90
230,81,189265,148460,10.00
172,139,189421,148567,2.87
80,231,189510,148651,-9.75
97,214,189552,148683,-7.98
196,115,189599,148725,5.62
230,81,189721,148851,9.85
147,164,189904,148965,-1.76
64,247,189979,149014,-11.15
122,189,190006,149043,-4.26
213,98,190103,149107,7.96
213,98,190225,149188,7.41
122,189,190349,149337,-4.32
80,231,190435,149407,-10.00
138,173,190461,149432,-2.20
213,98,190547,149512,7.64
205,106,190725,149625,6.20
122,189,190842,149704,-4.26
80,231,190929,149782,-9.65
138,173,190988,149823,-2.58
213,98,191071,149879,7.74
213,98,191228,150004,7.07
122,189,191397,150101,-4.32
72,239,191452,150141,-10.83
138,173,191485,150180,-2.86
221,90,191590,150247,8.76
213,98,191713,150332,7.57
122,189,191905,150478,-4.85
64,247,191982,150555,-11.07
138,173,192009,150581,-2.79
221,90,192084,150646,8.19
213,98,192222,150747,7.36
130,181,192358,150832,-3.37
80,231,192418,150915,-9.92
122,189,192473,150943,-4.62
196,115,192537,150997,5.59
221,90,192676,151109,8.39
155,156,192831,151190,0.31
80,231,192920,151267,-9.13
89,222,192974,151304,-8.09
172,139,193013,151334,2.82
230,81,193137,151446,10.00
180,131,193250,151556,3.85
97,214,193336,151615,-7.99
72,239,193403,151665,-10.27
155,156,193434,151693,-0.31
230,81,193535,151758,9.01
205,106,193699,151907,6.58
130,181,193801,151987,-3.86
80,231,193897,152036,-9.92
114,197,193945,152068,-5.30
188,123,194006,152142,4.58
221,90,194163,152203,8.97
172,139,194310,152332,2.79
97,214,194386,152429,-7.57
72,239,194447,152465,-10.19
147,164,194495,152489,-1.37
221,90,194561,152585,8.76
221,90,194728,152661,8.08
138,173,194842,152750,-2.47
72,239,194916,152833,-10.36
97,214,194955,152860,-7.07
172,139,195013,152893,2.94
221,90,195130,153017,8.88
196,115,195287,153116,5.18
122,189,195395,153180,-4.26
72,239,195490,153263,-10.15
105,206,195545,153300,-6.14
188,123,195602,153345,4.26
230,81,195775,153469,10.00
188,123,195920,153580,4.38
105,206,196058,153658,-6.54
72,239,196133,153722,-10.76
122,189,196161,153741,-4.26
196,115,196240,153789,5.53
221,90,196360,153886,8.97
180,131,196486,153970,3.50
114,197,196613,154024,-5.62
72,239,196671,154083,-10.21
114,197,196696,154108,-5.60
188,123,196795,154155,4.45
238,73,196898,154295,10.00
188,123,197084,154380,5.00
114,197,197212,154449,-5.46
72,239,197267,154518,-10.69
105,206,197299,154543,-6.13
180,131,197369,154587,3.10
221,90,197456,154717,8.75
205,106,197636,154796,6.48
147,164,197745,154878,-1.87
80,231,197810,154960,-9.52
80,231,197866,154993,-9.31
155,156,197900,155015,-0.72
221,90,198002,155123,8.27
230,81,198139,155188,9.00
163,148,198302,155315,1.26
97,214,198423,155412,-7.40
80,231,198482,155461,-9.92
114,197,198521,155494,-5.02
180,131,198610,155568,3.48
230,81,198695,155625,9.21
213,98,198881,155737,7.07
147,164,199029,155866,-1.88
80,231,199091,155917,-9.87
80,231,199136,155949,-9.64
147,164,199181,156001,-1.87
205,106,199241,156045,6.36
221,90,199427,156161,8.97
188,123,199564,156278,4.74
130,181,199658,156341,-3.39
80,231,199749,156395,-9.88
80,231,199785,156443,-9.31
147,164,199827,156475,-1.42
213,98,199917,156559,7.29
230,81,200018,156645,9.51
188,123,200221,156725,4.16
130,181,200337,156832,-3.97
80,231,200407,156894,-9.41
80,231,200471,156922,-9.02
138,173,200504,156959,-2.64
196,115,200594,157017,5.90
238,73,200694,157119,10.00
205,106,200846,157255,6.09
138,173,201042,157343,-2.48
89,222,201098,157418,-9.00
80,231,201145,157464,-9.60
122,189,201201,157489,-4.72
172,139,201279,157565,2.90
221,90,201403,157619,8.90
221,90,201508,157729,8.76
163,148,201665,157872,1.90
105,206,201765,157926,-6.55
72,239,201816,157973,-10.41
97,214,201859,158010,-7.90
147,164,201905,158042,-1.43
196,115,201994,158138,5.55
230,81,202134,158222,9.47
213,98,202270,158313,7.29
155,156,202433,158457,-0.31
89,222,202527,158525,-8.02
72,239,202562,158555,-10.50
97,214,202610,158589,-7.07
155,156,202663,158644,-0.52
205,106,202759,158711,6.02
230,81,202890,158838,9.51
213,98,203011,158938,7.29
155,156,203183,159026,-0.03
97,214,203288,159126,-7.55
72,239,203329,159171,-10.43
97,214,203364,159195,-7.90
138,173,203421,159262,-2.12
188,123,203521,159320,4.55
230,81,203644,159409,9.26
221,90,203790,159550,8.76
172,139,203991,159636,2.71
122,189,204082,159717,-4.90
80,231,204129,159763,-9.48
80,231,204192,159791,-9.60
114,197,204219,159826,-5.94
155,156,204306,159888,0.48
213,98,204400,159967,7.17
230,81,204527,160079,10.00
213,98,204662,160157,7.03
155,156,204773,160274,0.64
114,197,204878,160350,-5.48
80,231,204943,160390,-9.41
72,239,204983,160428,-10.02
105,206,205026,160449,-6.16
155,156,205090,160488,1.00
213,98,205201,160578,7.29
230,81,205319,160652,9.35
213,98,205470,160794,7.31
172,139,205639,160903,2.73
130,181,205762,160991,-3.39
80,231,205818,161044,-9.07
72,239,205867,161086,-10.97
97,214,205897,161109,-7.77
147,164,205972,161156,-1.87
180,131,206044,161239,3.73
213,98,206139,161307,7.87
230,81,206250,161366,9.54
213,98,206373,161453,7.07
155,156,206578,161610,0.91
114,197,206719,161733,-5.48
80,231,206793,161826,-9.16
80,231,206822,161857,-9.92
89,222,206861,161884,-8.10
130,181,206918,161926,-3.26
180,131,206975,161971,3.35
221,90,207051,162033,8.27
230,81,207196,162130,9.29
213,98,207325,162237,7.31
180,131,207445,162398,3.55
147,164,207560,162485,-1.87
97,214,207655,162531,-7.67
72,239,207717,162579,-10.75
80,231,207735,162608,-9.69
105,206,207788,162637,-6.13
147,164,207867,162690,-1.71
180,131,207957,162753,3.46
221,90,208127,162868,8.26
238,73,208232,162939,10.00
213,98,208402,163076,7.77
180,131,208594,163197,3.60
155,156,208736,163278,-0.84
114,197,208802,163315,-5.62
80,231,208864,163373,-9.83
72,239,208919,163407,-10.97
89,222,208949,163429,-8.41
122,189,208990,163489,-4.26
155,156,209079,163532,-0.04
188,123,209167,163633,4.54
221,90,209380,163706,8.71
230,81,209513,163814,10.00
213,98,209649,163961,7.79
188,123,209818,164049,4.14
155,156,209989,164151,0.32
122,189,210100,164281,-4.26
89,222,210151,164338,-8.84
72,239,210184,164364,-10.88
80,231,210231,164385,-9.67
97,214,210265,164433,-7.07
130,181,210325,164473,-3.99
155,156,210404,164578,0.47
196,115,210495,164660,5.61
221,90,210643,164799,8.76
230,81,210768,164873,9.08
221,90,210929,164968,8.19
205,106,211131,165136,6.52
172,139,211294,165286,2.79
138,173,211381,165365,-2.48
105,206,211467,165427,-6.58
89,222,211559,165500,-8.59
80,231,211609,165535,-9.92
72,239,211648,165557,-10.52
89,222,211692,165590,-8.58
122,189,211738,165631,-4.33
155,156,211818,165693,-0.31
172,139,211904,165739,2.67
196,115,212009,165868,5.99
230,81,212150,165940,9.21
238,73,212269,166078,10.00
221,90,212456,166202,8.22
205,106,212673,166365,6.09
180,131,212866,166495,4.00
155,156,212999,166644,0.31
122,189,213104,166789,-4.43
97,214,213193,166858,-7.59
89,222,213260,166883,-8.79
80,231,213307,166925,-9.92
72,239,213339,166957,-10.82
80,231,213389,166982,-9.36
114,197,213428,167030,-5.82
138,173,213504,167074,-2.79
155,156,213567,167129,-0.53
172,139,213687,167191,2.85
205,106,213780,167293,6.82
221,90,213907,167380,8.76
221,90,214081,167535,8.67
221,90,214169,167647,8.83
230,81,214336,167745,9.06
213,98,214586,167898,7.07
180,131,214825,168072,3.33
155,156,215016,168241,0.58
147,164,215144,168390,-1.20
122,189,215237,168470,-4.26
97,214,215301,168505,-8.00
80,231,215355,168536,-9.64
80,231,215405,168570,-9.45
80,231,215437,168598,-10.00
72,239,215492,168658,-10.86
80,231,215531,168689,-9.41
105,206,215572,168715,-6.23
122,189,215613,168750,-4.26
130,181,215729,168797,-3.14
155,156,215797,168842,-0.24
180,131,215906,168887,3.70
196,115,215999,168976,5.62
205,106,216164,169061,6.01
213,98,216259,169180,7.75
238,73,216418,169294,10.10
230,81,216652,169402,10.00
221,90,216898,169582,8.17
213,98,217073,169772,7.79
221,90,217227,169976,8.16
205,106,217442,170185,6.13
172,139,217663,170334,2.62
163,148,217824,170418,1.07
155,156,217965,170509,0.68
147,164,218104,170626,-1.87
114,197,218176,170715,-5.57
105,206,218229,170745,-6.79
105,206,218288,170779,-6.48
89,222,218366,170838,-8.27
64,247,218403,170870,-11.06
64,247,218448,170888,-11.03
80,231,218462,170913,-9.33
80,231,218511,170939,-9.92
64,247,218550,170961,-11.60
72,239,218579,170975,-10.31
97,214,218616,171003,-7.37
97,214,218661,171026,-7.07
89,222,218712,171051,-8.10
105,206,218751,171072,-6.07
138,173,218792,171098,-2.44
147,164,218851,171126,-1.87
138,173,218911,171191,-2.91
155,156,218989,171230,-0.73
180,131,219029,171261,3.07
180,131,219139,171335,3.39
163,148,219232,171392,1.85
180,131,219368,171484,3.78
213,98,219464,171550,7.47
213,98,219605,171662,7.29
196,115,219779,171771,5.00
205,106,219882,171850,6.54
238,73,220014,171971,10.10
230,81,220275,172206,9.41
205,106,220556,172418,6.32
213,98,220756,172547,7.50
246,65,220975,172686,11.08
238,73,221243,172843,10.00
205,106,221446,173031,6.14
213,98,221590,173156,7.05
238,73,221763,173305,10.88
230,81,221928,173516,9.60
196,115,222072,173692,5.02
196,115,222204,173827,5.73
238,73,222324,173980,10.03
221,90,222475,174166,8.76
180,131,222609,174308,3.45
180,131,222740,174407,3.95
221,90,222874,174482,8.94
213,98,223065,174601,7.90
163,148,223249,174705,1.82
163,148,223384,174803,2.00
213,98,223546,174944,7.85
213,98,223752,175114,7.29
155,156,223953,175261,0.37
155,156,224057,175342,0.00
205,106,224154,175406,6.82
213,98,224293,175540,7.07
155,156,224510,175724,-0.74
147,164,224671,175866,-2.00
196,115,224817,175977,5.82
213,98,224946,176097,7.29
147,164,225056,176220,-1.37
130,181,225138,176306,-4.00
188,123,225207,176357,4.69
213,98,225313,176401,7.90
147,164,225449,176508,-1.39
114,197,225517,176545,-5.95
180,131,225562,176585,3.25
221,90,225654,176630,8.76
155,156,225784,176730,-0.66
97,214,225884,176807,-7.73
163,148,225937,176852,1.27
230,81,226035,176931,9.60
155,156,226140,177052,0.94
80,231,226213,177109,-9.05
147,164,226246,177147,-1.36
230,81,226344,177204,10.00
180,131,226524,177294,3.39
80,231,226650,177399,-9.50
122,189,226684,177422,-4.60
230,81,226743,177458,9.41
205,106,226927,177605,6.44
89,222,227089,177697,-8.54
89,222,227122,177721,-8.05
213,98,227150,177757,7.29
230,81,227308,177874,9.44
114,197,227478,177957,-5.78
72,239,227543,178010,-10.87
180,131,227567,178043,3.39
246,65,227711,178121,11.31
147,164,227881,178255,-1.27
64,247,227942,178333,-11.85
147,164,227971,178361,-1.87
238,73,228090,178442,10.77
188,123,228204,178535,4.07
80,231,228305,178607,-9.86
97,214,228348,178654,-7.07
205,106,228393,178686,6.98
221,90,228502,178773,8.31
122,189,228701,178899,-4.62
80,231,228767,178947,-9.92
155,156,228812,178992,0.47
230,81,228942,179064,9.03
172,139,229103,179155,2.37
89,222,229188,179252,-8.27
105,206,229240,179281,-6.26
188,123,229302,179317,4.79
213,98,229407,179425,7.70
147,164,229566,179512,-1.87
80,231,229654,179567,-9.29
130,181,229684,179601,-3.07
213,98,229780,179668,7.57
205,106,229932,179766,6.13
114,197,230036,179867,-5.75
80,231,230111,179917,-9.79
155,156,230146,179945,0.90
230,81,230228,180041,10.00
172,139,230416,180144,2.87
80,231,230558,180234,-9.75
97,214,230598,180269,-7.98
196,115,230654,180312,5.62
230,81,230780,180409,9.85
147,164,230914,180525,-1.76
64,247,231041,180576,-11.15
122,189,231067,180602,-4.26
213,98,231143,180667,7.96
213,98,231311,180738,7.41
122,189,231457,180870,-4.32
80,231,231517,180921,-10.00
138,173,231564,180950,-2.20
213,98,231657,181014,7.64
205,106,231811,181126,6.20
122,189,231988,181196,-4.26
80,231,232045,181273,-9.65
138,173,232080,181308,-2.58
213,98,232204,181366,7.74
213,98,232323,181491,7.07
122,189,232499,181565,-4.32
72,239,232584,181622,-10.83
138,173,232612,181653,-2.86
221,90,232736,181702,8.76
213,98,232859,181813,7.57
122,189,232993,181901,-4.85
64,247,233094,181939,-11.07
138,173,233117,181974,-2.79
221,90,233218,182023,8.19
213,98,233337,182103,7.36
130,181,233474,182219,-3.37
80,231,233585,182263,-9.92
122,189,233623,182294,-4.62
196,115,233717,182338,5.59
221,90,233825,182412,8.39
155,156,233960,182532,0.31
80,231,234093,182587,-9.13
89,222,234134,182618,-8.09
172,139,234217,182676,2.82
238,73,234339,182740,10.00
180,131,234506,182887,3.85
97,214,234623,182959,-7.99
72,239,234674,182993,-10.27
155,156,234733,183038,-0.31
230,81,234815,183099,9.01
205,106,235004,183228,6.58
130,181,235121,183306,-3.86
80,231,235198,183367,-9.92
114,197,235255,183403,-5.30
188,123,235307,183441,4.58
221,90,235455,183521,8.97
172,139,235591,183630,2.79
97,214,235692,183682,-7.57
72,239,235757,183716,-10.19
147,164,235795,183761,-1.37
221,90,235899,183819,8.76
221,90,236042,183938,8.08
138,173,236155,184040,-2.47
72,239,236251,184080,-10.36
97,214,236281,184102,-7.07
172,139,236333,184147,2.94
221,90,236463,184201,8.88
196,115,236590,184323,5.18
122,189,236693,184399,-4.26
72,239,236787,184440,-10.15
105,206,236821,184471,-6.14
188,123,236896,184515,4.26
230,81,236985,184587,10.00
188,123,237118,184719,4.38
105,206,237279,184788,-6.54
